30,0
29,5
29,4
29,3
29,2
29,1
29,0
28,3
28,2
28,1
28,0
27,6
27,5
27,4
27,3
27,2
27,1
27,0
26,4
26,3
26,2
26,1
26,0
25,4
25,3
25,2
25,1
25,0
24,6
24,5
24,4
24,3
24,2
24,1
24,0
23,5
23,4
23,3
23,2
23,1
23,0
22,2
22,1
22,0
21,4
21,3
21,2
21,1
21,0
20,8
20,3
20,2
20,1
20,0
19,10
19,9
19,8
19,7
19,6
19,5
19,4
19,3
19,2
19,1
19,0
18,5
18,4
18,3
18,2
18,1
18,0
17,2
17,1
17,0
16,3
16,2
16,1
16,0
15,4
15,3
15,2
15,1
15,0
14,4
14,3
14,2
14,1
14,0
13,25
13,24
13,23
13,22
13,21
13,20
13,19
13,18
13,17
13,16
13,14
13,13
13,12
13,11
13,10
13,9
13,8
13,7
13,6
13,5
13,4
13,3
13,2
13,1
13,0
12,4
12,3
12,2
12,1
12,0
11,9
11,8
11,7
11,6
11,5
11,4
11,3
11,2
11,1
11,0
10,4
10,3
10,2
10,1
10,0
9,4
9,2
9,1
9,0
8,5
8,4
8,3
8,2
8,1
8,0
7,3
5,32
5,31
5,30
5,29
5,28
5,27
5,26
5,25
5,24
5,23
5,22
5,21
5,20
5,19
5,16
5,15
5,14
5,13
5,11
5,10
5,9
5,8
5,7
5,6
5,5
5,4
5,3
5,2
5,0
0,194
0,62
0,61
0,60
0,58
0,57
0,55
0,52
0,51
0,9
0,2
30,1
30,2
30,4
30,5
30,7
30,8
30,10
31,1
31,2
31,4
32,0
32,2
33,0
33,1
33,3
33,4
34,1
34,2
34,4
35,0
35,1
35,3
36,0
36,2
37,0
37,1
37,3
37,4
38,1
38,2
38,4
38,6
39,0
39,2
39,3
39,5
40,1
40,2
40,4
40,5
41,1
41,2
41,4
42,0
42,1
42,3
42,4
43,0
43,2
43,3
43,5
43,6
44,1
44,3
44,4
45,0
45,1
45,3
45,4
46,1
46,3
46,4
47,1
47,2
47,4
48,0
48,1
48,3
48,4
48,6
49,0
49,2
49,4
49,5
50,0
50,1
50,3
50,5
50,6
51,1
51,2
52,0
52,1
53,0
53,2
53,3
53,5
53,6
54,1
54,3
54,4
55,0
55,1
55,3
56,1
56,2
56,4
56,5
57,0
57,1
57,3
57,5
57,6
58,1
58,2
58,4
59,1
59,2
59,4
59,5
59,7
59,8
59,10
59,12
59,13
60,1
60,2
60,4
61,1
61,2
61,4
61,5
62,1
62,2
62,4
63,0
63,1
63,3
63,4
64,1
64,3
64,4
65,1
65,2
65,4
65,5
66,1
66,3
66,4
66,6
66,7
67,1
67,3
67,4
67,6
67,7
68,1
68,3
68,4
68,6
69,0
69,2
69,3
69,5
70,1
70,2
70,4
70,5
71,0
71,2
71,3
71,5
71,6
72,1
72,2
72,4
73,1
73,2
73,4
74,0
74,2
74,4
75,0
75,2
75,3
75,5
76,0
76,2
76,4
76,5
77,1
77,2
77,4
78,1
78,2
78,4
78,5
78,7
78,9
78,10
78,12
78,13
78,15
78,16
78,18
78,20
78,21
78,23
78,24
78,26
78,28
79,0
79,2
79,3
79,5
79,6
80,1
80,3
81,0
81,2
81,3
82,1
82,3
83,0
83,2
83,3
84,0
84,1
84,3
84,5
85,0
85,2
85,3
86,0
86,2
86,4
86,8
87,0
87,2
87,3
87,5
87,7
87,8
88,0
88,1
88,3
89,0
89,1
89,3
89,4
89,6
90,1
90,2
90,4
91,0
91,2
91,3
92,0
92,2
92,3
93,0
93,1
93,3
94,1
94,2
94,4
95,0
95,2
95,3
96,0
96,2
96,3
97,0
97,1
97,3
98,1
98,2
98,4
99,0
99,2
99,3
99,5
100,1
100,2
100,4
100,5
101,1
101,3
101,4
102,1
102,2
102,4
103,0
103,1
103,3
103,4
104,1
104,2
104,4
105,1
105,2
105,4
106,0
106,2
106,4
107,0
107,2
107,3
108,0
108,1
108,3
109,0
109,1
109,3
109,4
110,1
110,3
110,4
111,1
111,2
111,4
112,0
112,2
112,4
113,0
113,2
113,3
114,0
114,2
114,3
115,0
115,1
115,3
116,0
116,1
116,3
116,4
117,1
117,2
117,4
118,1
118,2
118,4
119,0
119,2
119,4
120,0
120,2
120,3
121,1
121,2
121,4
121,6
121,7
122,1
122,2
122,4
123,0
123,1
123,3
123,4
124,0
124,1
124,3
125,0
125,1
125,3
125,4
125,6
126,1
126,2
126,4
126,5
126,7
126,8
127,0
127,2
127,3
127,5
127,6
128,1
128,3
128,4
128,6
129,0
129,2
129,4
129,5
130,1
130,2
130,4
131,0
131,2
131,4
132,0
132,2
132,3
132,5
133,1
133,2
133,4
134,0
134,2
134,3
134,5
134,7
134,8
134,10
134,11
134,13
135,1
135,2
135,4
136,0
136,2
136,3
137,0
137,2
137,3
137,5
138,0
138,2
138,4
139,0
139,2
139,3
140,0
140,2
140,3
140,5
140,6
141,1
141,2
141,4
142,1
142,2
142,4
143,0
143,2
143,4
143,5
144,1
144,2
144,4
144,5
145,1
145,3
145,4
146,1
146,2
146,4
146,6
146,7
147,0
147,1
147,3
148,0
148,2
148,4
149,0
149,2
149,3
149,5
150,0
150,1
150,3
150,4
150,6
150,7
151,1
151,3
151,4
152,1
152,2
152,4
153,1
153,2
153,4
154,0
154,2
154,4
154,5
155,1
155,2
155,4
155,5
156,0
156,2
156,3
156,5
157,0
157,2
157,4
157,5
158,1
158,2
158,4
158,5
159,1
159,3
159,4
159,6
160,0
160,2
160,4
160,5
161,1
161,2
161,4
162,0
162,2
162,4
162,5
163,1
163,2
163,4
164,0
164,1
164,3
164,4
165,1
165,3
165,4
166,1
166,2
166,4
167,0
167,2
167,4
167,5
168,1
168,2
168,4
168,6
168,7
169,0
169,1
169,3
169,4
170,1
170,3
170,4
171,1
171,2
171,4
172,0
172,1
172,3
172,4
172,6
173,0
173,2
173,4
173,5
174,1
174,2
174,4
174,6
175,0
175,2
175,3
176,0
176,1
176,3
177,0
177,1
177,3
178,0
178,2
179,0
179,1
179,3
179,4
180,0
180,2
180,3
181,1
181,2
181,4
182,0
182,2
182,4
183,0
183,2
183,3
184,0
184,2
184,3
185,0
185,1
185,3
185,4
186,1
186,3
187,0
187,2
187,3
188,1
188,3
189,0
189,2
189,3
190,1
190,2
191,0
191,2
191,3
192,0
192,1
192,3
193,0
193,1
193,3
193,2
192,4
192,2
191,4
191,1
190,3
190,0
189,1
188,2
188,0
187,1
186,2
186,0
185,2
184,4
184,1
183,4
183,1
182,3
182,1
181,3
181,0
180,1
179,5
179,2
178,3
178,1
177,2
176,4
176,2
175,4
175,1
174,5
174,3
174,0
173,3
173,1
172,5
172,2
171,5
171,3
171,0
170,2
170,0
169,2
168,8
168,5
168,3
168,0
167,3
167,1
166,3
166,0
165,2
165,0
164,2
163,5
163,3
163,0
162,3
162,1
161,3
161,0
160,3
160,1
159,5
159,2
159,0
158,3
158,0
157,3
157,1
156,4
156,1
155,6
155,3
155,0
154,3
154,1
153,3
153,0
152,3
152,0
151,2
151,0
150,5
150,2
149,6
149,4
149,1
148,3
148,1
147,2
146,8
146,5
146,3
146,0
145,2
145,0
144,3
144,0
143,3
143,1
142,3
142,0
141,3
141,0
140,4
140,1
139,4
139,1
138,3
138,1
137,4
137,1
136,4
136,1
135,3
135,0
134,12
134,9
134,6
134,4
134,1
133,3
133,0
132,4
132,1
131,3
131,1
130,3
130,0
129,3
129,1
128,5
128,2
128,0
127,4
127,1
126,9
126,6
126,3
126,0
125,5
125,2
124,4
124,2
123,5
123,2
122,5
122,3
122,0
121,5
121,3
121,0
120,1
119,3
119,1
118,3
118,0
117,3
117,0
116,2
115,4
115,2
114,4
114,1
113,4
113,1
112,3
112,1
111,3
111,0
110,2
110,0
109,2
108,4
108,2
107,4
107,1
106,3
106,1
105,3
105,0
104,3
104,0
103,2
102,5
102,3
102,0
101,2
101,0
100,3
100,0
99,4
99,1
98,3
98,0
97,2
96,4
96,1
95,4
95,1
94,3
94,0
93,2
92,4
92,1
91,4
91,1
90,3
90,0
89,5
89,2
88,4
88,2
87,9
87,6
87,4
87,1
86,5
86,1
85,4
85,1
84,4
84,2
83,4
83,1
82,2
82,0
81,1
80,2
80,0
79,4
79,1
78,27
78,25
78,22
78,19
78,17
78,14
78,11
78,8
78,6
78,3
78,0
77,3
77,0
76,3
76,1
75,4
75,1
74,3
74,1
73,3
73,0
72,3
72,0
71,4
71,1
70,6
70,3
70,0
69,4
69,1
68,5
68,2
68,0
67,5
67,2
67,0
66,5
66,2
66,0
65,3
65,0
64,2
64,0
63,2
62,5
62,3
62,0
61,3
61,0
60,3
60,0
59,11
59,9
59,6
59,3
59,0
58,3
58,0
57,4
57,2
56,6
56,3
56,0
55,2
54,5
54,2
54,0
53,4
53,1
52,2
51,4
51,0
50,4
50,2
49,6
49,3
49,1
48,5
48,2
47,5
47,3
47,0
46,2
46,0
45,2
44,5
44,2
44,0
43,4
43,1
42,5
42,2
41,5
41,3
41,0
40,3
40,0
39,4
39,1
38,5
38,3
38,0
37,2
36,3
36,1
35,2
34,5
34,3
34,0
33,2
32,3
32,1
31,3
31,0
30,9
30,6
30,3
0,193
0,59
0,54
0,192
3,39
2,36
1,36
3,35
3,32
2,32
1,32
3,31
2,31
1,31
1,30
3,29
3,28
1,28
1,27
1,26
3,25
2,25
1,25
3,24
2,24
1,24
3,23
2,23
1,23
2,22
1,22
3,21
2,21
1,21
3,20
2,20
1,19
3,18
2,17
1,17
3,16
2,16
1,16
3,15
1,15
3,14
2,14
1,14
3,13
2,13
1,13
3,12
2,12
1,12
0,6
0,0
0,47
0,46
0,49
0,48
0,45
0,56
0,12
0,50
0,10
0,63
0,8
0,53
0,11
86,7
86,6
86,3
52,5
52,4
52,3
51,3
22,6
22,5
22,4
22,3
20,9
20,7
20,6
20,5
20,4
17,5
17,4
17,3
13,15
9,3
5,18
5,17
5,12
4,3
3,44
3,43
3,42
3,41
3,40
3,38
3,37
3,36
3,34
3,33
3,30
3,27
3,26
3,22
3,19
3,17
3,11
3,10
3,9
3,8
3,7
3,6
3,5
3,4
3,3
3,2
3,0
2,44
2,43
2,42
2,41
2,40
2,39
2,38
2,37
2,35
2,34
2,33
2,30
2,29
2,28
2,27
2,26
2,19
2,18
2,15
2,11
2,10
2,9
2,8
2,7
2,6
2,5
2,4
2,3
2,2
2,0
1,45
1,44
1,43
1,42
1,41
1,40
1,39
1,38
1,37
1,35
1,34
1,33
1,29
1,20
1,18
1,11
1,10
1,9
1,8
1,7
1,6
1,5
1,4
1,3
1,2
1,0
0,5
0,7
0,4
0,3
